136
138
141
148
149
150
153
137
139
142
143
144
145
146
147
155
156
157
158
159
160
161
162
163
164
165
166
154
177
178
179
180
181
182
167
168
169
170
171
172
173
174
175
176
206
207
208
183
184
185
186
188
189
190
191
192
194
195
196
197
198
199
200
201
202
203
204
205
001
002
003
004
005
007
008
011
012
013
014
015
016
017
018
019
020
021
022
023
024
025
026
028
029
030
031
035
036
037
038
039
040
041
042
043
045
046
047
048
049
050
079
080
081
082
083
084
085
086
087
088
089
090
091
092
093
094
095
096
097
098
099
100
101
102
103
104
105
106
107
108
109
110
111
112
113
114
115
116
117
118
119
120
121
122
123
124
125
126
127
128
129
130
133
134
135
051
052
053
054
055
056
057
060
061
062
063
064
065
066
067
068
069
070
071
073
074
076
265
266
267
268
269
270
271
272
209
210
211
212
213
215
216
217
218
219
220
221
222
223
224
225
226
227
228
229
230
232
234
235
236
237
238
239
241
242
243
244
245
246
247
248
249
250
251
252
253
254
255
256
257
258
259
260
261
262
263
274
275
276
